#,Time,%Passes,Change,Test,Pass,Partial,Fail,Untested
0,Mon Nov 20 03:46:34 EST 2017,0,0,Assignment5Suite, , ,AddEdgeTest0- AddEdgeTest1- AddEdgeTest2- AddEdgeTest3- AddEdgeTest4- AddNodeTest0- AddNodeTest1- AddNodeTest2- DelEdgeTest0- DelEdgeTest1- DelEdgeTest2- DelNodeTest0- DelNodeTest1- DelNodeTest2- NumEdgeTest0- NumEdgeTest1- NumNodeTest0- NumNodeTest1- TopoSortTest0- TopoSortTest1- TopoSortTest2- TopoSortTest3- TopoSortTest4- TopoSortTest5- TopoSortTest6- TopoSortTest7- , 
1,Mon Nov 20 18:13:46 EST 2017,57,57,Assignment5Suite,AddEdgeTest0+ AddEdgeTest2+ AddEdgeTest3+ AddEdgeTest4+ AddNodeTest0+ AddNodeTest1+ AddNodeTest2+ DelEdgeTest0+ DelEdgeTest1+ DelEdgeTest2+ DelNodeTest0+ DelNodeTest1+ DelNodeTest2+ TopoSortTest4+ TopoSortTest5+ , ,AddEdgeTest1 NumEdgeTest0 NumEdgeTest1 NumNodeTest0 NumNodeTest1 TopoSortTest0 TopoSortTest1 TopoSortTest2 TopoSortTest3 TopoSortTest6 TopoSortTest7 , 
2,Mon Nov 20 19:27:31 EST 2017,50,-7,Assignment5Suite,AddEdgeTest0 AddEdgeTest2 AddEdgeTest3 AddEdgeTest4 AddNodeTest0 AddNodeTest1 AddNodeTest2 DelEdgeTest0 DelEdgeTest1 DelEdgeTest2 DelNodeTest0 DelNodeTest1 DelNodeTest2 , ,AddEdgeTest1 NumEdgeTest0 NumEdgeTest1 NumNodeTest0 NumNodeTest1 TopoSortTest0 TopoSortTest1 TopoSortTest2 TopoSortTest3 TopoSortTest4- TopoSortTest5- TopoSortTest6 TopoSortTest7 , 
3,Mon Nov 20 20:06:50 EST 2017,57,7,Assignment5Suite,AddEdgeTest0 AddEdgeTest2 AddEdgeTest3 AddEdgeTest4 AddNodeTest0 AddNodeTest1 AddNodeTest2 DelEdgeTest0 DelEdgeTest1 DelEdgeTest2 DelNodeTest0 DelNodeTest1 DelNodeTest2 TopoSortTest0+ TopoSortTest7+ , ,AddEdgeTest1 NumEdgeTest0 NumEdgeTest1 NumNodeTest0 NumNodeTest1 TopoSortTest1 TopoSortTest2 TopoSortTest3 TopoSortTest4 TopoSortTest5 TopoSortTest6 , 
4,Mon Nov 20 20:47:48 EST 2017,61,4,Assignment5Suite,AddEdgeTest0 AddEdgeTest1+ AddEdgeTest2 AddEdgeTest3 AddEdgeTest4 AddNodeTest0 AddNodeTest1 AddNodeTest2 DelEdgeTest0 DelEdgeTest1 DelEdgeTest2 DelNodeTest0 DelNodeTest1 DelNodeTest2 TopoSortTest0 TopoSortTest7 , ,NumEdgeTest0 NumEdgeTest1 NumNodeTest0 NumNodeTest1 TopoSortTest1 TopoSortTest2 TopoSortTest3 TopoSortTest4 TopoSortTest5 TopoSortTest6 , 
5,Mon Nov 20 20:49:55 EST 2017,76,15,Assignment5Suite,AddEdgeTest0 AddEdgeTest1 AddEdgeTest2 AddEdgeTest3 AddEdgeTest4 AddNodeTest0 AddNodeTest1 AddNodeTest2 DelEdgeTest0 DelEdgeTest1 DelEdgeTest2 DelNodeTest0 DelNodeTest1 DelNodeTest2 NumEdgeTest0+ NumEdgeTest1+ NumNodeTest0+ NumNodeTest1+ TopoSortTest0 TopoSortTest7 , ,TopoSortTest1 TopoSortTest2 TopoSortTest3 TopoSortTest4 TopoSortTest5 TopoSortTest6 , 
6,Mon Nov 20 21:13:55 EST 2017,88,12,Assignment5Suite,AddEdgeTest0 AddEdgeTest1 AddEdgeTest2 AddEdgeTest3 AddEdgeTest4 AddNodeTest0 AddNodeTest1 AddNodeTest2 DelEdgeTest0 DelEdgeTest1 DelEdgeTest2 DelNodeTest0 DelNodeTest1 DelNodeTest2 NumEdgeTest0 NumEdgeTest1 NumNodeTest0 NumNodeTest1 TopoSortTest0 TopoSortTest1+ TopoSortTest2+ TopoSortTest3+ TopoSortTest7 , ,TopoSortTest4 TopoSortTest5 TopoSortTest6 , 
7,Mon Nov 20 21:18:24 EST 2017,88,0,Assignment5Suite,AddEdgeTest0 AddEdgeTest1 AddEdgeTest2 AddEdgeTest3 AddEdgeTest4 AddNodeTest0 AddNodeTest1 AddNodeTest2 DelEdgeTest0 DelEdgeTest1 DelEdgeTest2 DelNodeTest0 DelNodeTest1 DelNodeTest2 NumEdgeTest0 NumEdgeTest1 NumNodeTest0 NumNodeTest1 TopoSortTest0 TopoSortTest1 TopoSortTest2 TopoSortTest3 TopoSortTest7 , ,TopoSortTest4 TopoSortTest5 TopoSortTest6 , 
8,Mon Nov 20 21:25:10 EST 2017,96,8,Assignment5Suite,AddEdgeTest0 AddEdgeTest1 AddEdgeTest2 AddEdgeTest3 AddEdgeTest4 AddNodeTest0 AddNodeTest1 AddNodeTest2 DelEdgeTest0 DelEdgeTest1 DelEdgeTest2 DelNodeTest0 DelNodeTest1 DelNodeTest2 NumEdgeTest0 NumEdgeTest1 NumNodeTest0 NumNodeTest1 TopoSortTest0 TopoSortTest1 TopoSortTest2 TopoSortTest3 TopoSortTest4+ TopoSortTest5+ TopoSortTest7 , ,TopoSortTest6 , 
9,Mon Nov 20 21:27:37 EST 2017,96,0,Assignment5Suite,AddEdgeTest0 AddEdgeTest1 AddEdgeTest2 AddEdgeTest3 AddEdgeTest4 AddNodeTest0 AddNodeTest1 AddNodeTest2 DelEdgeTest0 DelEdgeTest1 DelEdgeTest2 DelNodeTest0 DelNodeTest1 DelNodeTest2 NumEdgeTest0 NumEdgeTest1 NumNodeTest0 NumNodeTest1 TopoSortTest0 TopoSortTest1 TopoSortTest2 TopoSortTest3 TopoSortTest4 TopoSortTest5 TopoSortTest7 , ,TopoSortTest6 , 
10,Mon Nov 20 21:40:19 EST 2017,100,4,Assignment5Suite,AddEdgeTest0 AddEdgeTest1 AddEdgeTest2 AddEdgeTest3 AddEdgeTest4 AddNodeTest0 AddNodeTest1 AddNodeTest2 DelEdgeTest0 DelEdgeTest1 DelEdgeTest2 DelNodeTest0 DelNodeTest1 DelNodeTest2 NumEdgeTest0 NumEdgeTest1 NumNodeTest0 NumNodeTest1 TopoSortTest0 TopoSortTest1 TopoSortTest2 TopoSortTest3 TopoSortTest4 TopoSortTest5 TopoSortTest6+ TopoSortTest7 , , , 
11,Mon Nov 20 21:43:00 EST 2017,100,4,Assignment5Suite,AddEdgeTest0 AddEdgeTest1 AddEdgeTest2 AddEdgeTest3 AddEdgeTest4 AddNodeTest0 AddNodeTest1 AddNodeTest2 DelEdgeTest0 DelEdgeTest1 DelEdgeTest2 DelNodeTest0 DelNodeTest1 DelNodeTest2 EfficiencyTest1+ NumEdgeTest0 NumEdgeTest1 NumNodeTest0 NumNodeTest1 TopoSortTest0 TopoSortTest1 TopoSortTest2 TopoSortTest3 TopoSortTest4 TopoSortTest5 TopoSortTest6 TopoSortTest7 , , , 
12,Mon Nov 20 22:25:34 EST 2017,100,0,Assignment5Suite,AddEdgeTest0 AddEdgeTest1 AddEdgeTest2 AddEdgeTest3 AddEdgeTest4 AddNodeTest0 AddNodeTest1 AddNodeTest2 DelEdgeTest0 DelEdgeTest1 DelEdgeTest2 DelNodeTest0 DelNodeTest1 DelNodeTest2 EfficiencyTest1 NumEdgeTest0 NumEdgeTest1 NumNodeTest0 NumNodeTest1 TopoSortTest0 TopoSortTest1 TopoSortTest2 TopoSortTest3 TopoSortTest4 TopoSortTest5 TopoSortTest6 TopoSortTest7 , , , 